2000 7000
1437 1398
551 575
468 1392
1605 739
1156 785
1504 1642
1221 1923
799 1951
147 398
633 1119
1058 1480
1141 691
1730 1977
76 1978
1591 1793
1191 1977
195 1914
336 536
1051 1499
591 1715
1958 36
518 1747
1983 1293
1947 1828
1929 303
1546 341
1858 1008
1097 205
1325 1193
1259 876
1831 824
861 625
17 591
280 1637
1105 640
1285 1693
187 1303
844 777
794 1074
962 1721
1860 67
296 940
1505 455
16 688
569 965
1868 428
118 564
359 1023
976 1122
719 239
269 317
1372 1827
727 401
1486 620
556 1244
1881 167
918 886
1321 196
1165 1373
545 104
1460 1266
518 1627
199 804
1835 201
1617 718
1584 1083
1974 703
1391 1384
1111 226
555 374
1745 1902
1922 39
165 537
102 1019
591 1083
486 474
1820 1471
643 495
87 1673
986 1944
1927 841
1664 225
1311 1466
1562 1281
396 1264
1639 1288
117 823
941 215
405 662
296 407
989 753
27 263
1219 3
1633 1554
725 1987
1773 729
601 821
1426 533
1819 632
1572 1592
699 244
128 1962
1703 775
1881 1635
640 794
149 1764
1022 147
430 998
98 1332
1948 1198
612 1411
1009 720
1050 1289
705 460
480 379
577 1703
754 129
701 52
1719 637
236 504
743 921
148 1623
1379 1672
561 985
355 377
676 1107
846 157
1919 412
1618 1410
506 1649
276 573
1530 1071
969 391
88 244
1160 132
127 1847
1826 1519
388 1999
471 1349
1495 1708
1800 1991
1175 1841
274 115
1288 878
239 498
1517 94
1671 1556
1031 500
1964 801
180 1673
240 1233
840 844
117 1621
1152 896
1938 1073
1814 296
807 26
107 863
406 1985
435 823
652 460
1497 1256
696 1916
1869 494
1415 754
134 788
1686 495
210 246
1391 1691
1681 671
1140 294
584 523
1645 1443
111 647
192 1979
1676 567
3 988
1049 1244
410 1620
1413 28
1600 1301
342 1181
950 1439
963 826
1252 1865
62 1184
142 466
1544 598
1295 1032
591 609
1511 1515
956 1279
1677 563
550 1322
1189 1946
1004 1999
1816 319
323 587
1852 142
718 1426
373 1455
1935 1612
1007 1657
269 1796
1471 1866
113 1935
1814 1595
1676 47
1278 1211
857 1455
68 1603
494 1260
279 81
855 395
1509 579
1721 483
1934 184
1663 885
978 1527
1234 1412
204 1901
1236 816
265 324
262 1523
1328 160
27 1118
1039 915
1693 828
767 1611
1848 1811
1169 140
622 983
583 1162
955 1396
1245 920
635 465
1106 1394
1497 1118
6 181
1240 351
1961 23
845 517
407 1820
796 94
1692 904
1719 549
1436 1751
397 1657
1009 1793
73 1265
225 265
566 249
28 1877
1331 797
1855 406
432 1836
1862 124
1634 1033
1107 1876
1647 1266
1411 882
1088 370
749 939
1599 1294
962 1116
1065 1461
1673 53
1790 265
396 976
594 542
849 1637
1466 1481
771 177
1950 1627
1569 1491
1578 1362
1651 1196
294 782
1400 1143
566 759
1218 1742
1041 1906
630 371
1314 268
590 745
1953 396
1216 1955
1512 1018
1642 340
1504 973
1577 1177
75 1219
1444 346
608 225
250 540
733 1652
1708 1795
218 1562
1674 1215
1702 1904
652 1714
877 106
1587 218
1185 1003
788 971
345 647
1894 1915
941 865
1738 651
1422 885
1392 677
1242 1286
1977 320
1926 1420
756 777
1099 1765
700 243
613 167
1840 160
167 1202
297 777
463 75
728 298
466 1376
1717 332
1141 942
1395 38
782 944
1844 249
230 473
922 1873
1413 688
6 1882
894 1790
944 368
1105 459
993 878
744 1773
373 46
269 317
1552 348
1688 1324
1006 446
965 1547
1070 1228
1589 1335
604 518
1078 636
54 58
509 179
1579 1123
194 1234
1079 1269
802 686
45 1159
829 511
882 733
725 489
801 939
1509 294
1826 1536
943 1372
657 1747
494 130
1526 994
464 68
406 1076
1381 1465
1711 124
894 1039
803 1040
1696 1453
1192 1139
1795 1854
268 1062
265 1735
1868 1111
360 1254
1676 1764
1759 1352
153 1971
1547 1014
238 1697
18 1995
57 1097
1377 1865
1630 1866
1353 1869
1885 1648
977 1200
448 1057
1924 667
1100 450
1515 1110
988 1202
362 1201
49 302
1797 1373
1367 1490
1544 1253
723 1809
1273 1250
324 1389
124 1419
744 463
891 165
877 630
1606 1413
755 476
1608 1869
1789 1583
768 896
646 898
867 1121
1270 1095
56 1060
1748 372
516 243
1050 381
824 791
1872 1004
1113 1261
1649 1347
1401 869
982 1409
1247 1893
1501 1999
234 136
688 259
814 511
357 22
72 581
803 1506
898 330
509 130
58 1123
361 1131
382 1336
1909 1053
1159 1554
1082 1989
905 60
1143 1261
1627 1512
1871 1492
180 191
1982 535
1239 1851
1118 963
1233 285
1742 169
145 550
53 1289
1558 1925
693 907
994 488
171 1469
808 509
1556 419
418 996
871 1856
990 658
529 489
1673 1361
760 1380
1698 283
264 375
626 586
535 1527
808 485
1664 44
820 350
1030 1572
850 1109
1882 1524
1888 102
405 1784
1279 1122
162 619
261 1526
1807 1871
972 760
137 1814
944 618
61 1800
1789 1200
793 1677
650 1870
148 18
1483 1865
1266 1157
890 1982
1070 242
1460 1553
1136 254
1851 257
1159 457
1276 1291
1396 1692
96 446
211 1921
1298 1601
389 1528
161 396
158 1103
38 1588
241 931
570 510
52 1650
220 1936
1477 258
1626 807
956 1517
509 1343
370 1279
207 1756
638 53
1941 163
1767 1672
1799 651
518 1325
1541 1504
1305 661
141 1811
1429 182
1445 1593
757 686
181 1814
1850 1461
598 1574
1639 745
1033 309
792 1772
568 1377
830 1795
454 840
1049 420
1327 1769
1475 1043
995 274
1510 514
298 991
1643 812
71 51
1075 626
806 285
828 1361
603 650
1049 1457
1393 316
1373 875
1538 1130
674 764
1915 86
572 1432
1671 1168
51 412
104 763
268 1093
924 1888
1052 1809
1108 524
544 1586
1166 1169
826 624
1151 1819
1706 1965
1759 1173
804 1267
1728 735
1265 10
1052 12
1929 1832
1502 1707
1266 1350
1793 890
503 1104
1625 1612
1121 703
1371 1039
376 144
1781 158
361 1296
872 1363
172 1318
1252 69
1966 932
1706 566
1497 1867
490 1679
868 46
1641 448
1363 593
1783 1182
695 1112
177 1622
1175 1542
1579 506
1440 1526
1777 254
1219 465
1786 157
724 1182
292 1078
152 1206
727 1226
252 3
1019 420
707 1302
1336 218
635 888
655 1732
768 887
810 789
1750 209
1723 213
584 1980
961 1742
1257 1077
678 1483
273 922
975 1857
1888 1458
1759 407
598 430
1735 1308
303 1597
1837 1781
1847 1666
14 67
1681 604
1123 323
990 1614
246 1134
988 461
1911 1626
530 1376
1080 281
1901 1928
1832 1685
1157 260
261 962
585 171
1855 127
338 731
1434 268
1157 1739
211 410
1466 919
341 1755
1986 207
68 1189
949 1446
1852 189
1543 1837
888 1456
618 917
1989 988
906 806
1980 250
1200 1388
1289 1895
368 527
1728 506
1073 940
728 44
1926 481
50 1201
1678 1967
421 1874
1524 719
731 1399
497 913
1489 75
447 1752
794 465
967 447
12 331
512 232
1322 983
1638 1738
1565 1838
863 397
991 1783
54 374
1248 1272
1371 1834
76 1367
565 53
1561 438
291 1939
337 396
1430 1602
1564 102
1603 1630
1882 1168
785 1742
1806 225
1204 1898
133 1808
18 817
1335 717
319 1267
1170 440
243 1681
1966 723
1475 1977
1416 1403
1487 1861
869 415
1834 1591
82 1172
951 966
1340 776
39 272
1105 1387
1121 1764
1765 1610
1183 199
1244 986
772 1205
1232 1981
753 165
1518 441
758 1546
1679 605
971 38
1448 737
970 1377
1606 1110
1379 1335
553 1701
1199 387
5 930
36 1697
384 946
901 186
1066 1054
732 546
1752 1781
1272 901
510 1091
1310 145
543 655
1598 1276
657 1670
666 1746
1790 63
1943 1940
1966 1961
458 509
1218 1009
449 1609
1004 333
1678 1153
649 612
542 629
562 525
1474 1397
725 766
401 798
1155 1871
1456 214
54 582
1680 493
719 807
1582 1444
1865 1426
186 974
1641 642
1484 605
26 1586
507 281
1768 68
1831 767
1808 29
679 187
1722 1479
1515 1012
85 1900
1977 232
380 1724
574 588
623 666
881 1039
745 177
1291 202
102 576
1921 451
129 1917
432 1797
1583 1027
1428 1565
1186 87
1616 1823
1222 1883
1277 922
133 1775
174 737
1914 423
1454 1282
1029 731
1799 1322
1370 1207
1775 471
1115 1669
1609 1764
1621 1075
1050 1384
1090 359
230 1433
1722 225
1639 391
438 904
361 143
644 1310
1720 1936
804 771
1761 1056
1830 1862
51 108
1233 78
1802 1369
1359 1658
357 705
1094 860
1158 1358
1524 1637
1737 1998
1503 1497
924 470
169 220
396 955
767 224
125 323
55 1011
1993 728
1641 180
1028 626
818 1679
1522 710
1675 203
1122 129
1936 9
1376 658
1090 105
132 1917
678 1748
911 353
268 1871
715 1589
885 1916
181 994
1020 1900
1973 148
1672 242
609 1450
51 1165
352 257
1705 1201
1675 287
1031 711
1395 1590
548 165
618 424
337 1177
1527 1080
1732 1207
303 548
1093 1590
901 1703
1394 672
954 456
2000 735
1911 1800
721 1444
1415 607
290 885
1584 1302
473 457
1945 507
166 1816
37 1492
1404 770
1665 122
60 1048
652 28
818 253
1048 1429
1372 1230
290 418
896 893
46 757
1786 555
791 231
413 840
60 1273
395 1614
1900 1871
1675 1251
69 875
900 1861
1910 1917
1683 1
497 1879
1469 846
1319 1121
492 184
1903 242
1367 80
20 1188
631 1852
1323 283
814 786
20 1824
907 586
292 51
1855 1507
239 109
1511 615
573 984
1834 1682
1062 368
1263 121
528 1029
355 893
540 198
1602 204
787 1809
573 1204
1584 1028
1894 1019
411 1642
879 136
565 1884
1831 1501
1614 728
1588 94
109 1390
1481 291
499 1399
1801 134
1986 1918
1217 447
151 414
1366 41
1028 1023
1470 359
1311 693
739 1376
1602 1804
1887 1027
255 1590
492 1957
1372 899
10 1718
1030 1769
1989 31
452 1873
320 864
365 688
1096 1783
1795 1009
546 1826
1163 1881
1362 1880
1161 1952
1880 1359
907 1566
1395 840
1292 1702
500 1980
188 1319
1753 1969
1162 1631
474 374
721 938
476 562
1087 1117
285 272
1766 903
344 942
463 1947
1608 728
1175 1421
583 1880
1681 1618
1871 1717
1758 1105
1520 1243
1603 466
1245 729
406 1050
610 1700
1959 1754
1467 1585
1159 1386
248 124
385 382
1436 75
1392 1714
1566 179
190 654
226 1735
961 39
905 79
1028 1236
222 1891
1214 1005
863 545
74 1115
1337 1526
502 864
28 1661
1457 1421
871 336
380 1125
1258 1164
934 1297
1526 342
1621 1069
1655 369
1441 1674
977 1142
945 467
351 256
442 373
834 471
363 630
210 396
1489 768
1233 377
1207 798
800 863
360 1080
703 1807
1523 848
1276 501
447 2
302 1908
1171 333
1051 1297
1381 1121
377 1980
1338 257
1183 180
1588 991
309 1704
453 1503
317 1868
72 1309
475 2000
184 290
1218 253
1897 1100
202 507
769 611
947 771
1219 207
726 361
425 642
573 480
1544 1395
244 853
1421 851
1697 460
974 1485
341 1518
816 1782
1098 246
1179 1590
1050 1691
187 1050
1593 1187
228 1381
1643 396
809 1577
477 1689
1711 1670
527 1070
1509 1333
1631 962
1176 431
749 652
1134 1866
452 777
1847 52
1283 1915
1787 1190
1254 596
1486 1223
1554 1124
7 809
1707 1025
1501 1309
1547 1212
609 702
1560 1913
161 494
270 785
540 156
1053 507
853 787
1869 1658
240 1930
1807 475
845 689
19 491
1688 1463
672 1706
1956 1042
1609 1357
1022 307
1391 615
632 752
712 1938
1414 574
1194 57
1210 1648
89 1580
375 978
2 846
1321 701
1306 1512
1296 1713
1115 850
459 1935
1275 262
1831 476
1021 109
1922 1678
569 300
602 1193
1540 562
1108 523
978 1568
1340 785
568 873
1346 1586
433 1342
1877 277
625 955
1984 503
859 1315
1696 7
1463 1062
1513 87
1557 162
2 1375
1783 756
1694 1520
1457 1466
1569 1014
533 1968
778 958
40 775
1063 875
1809 1995
1616 99
699 246
13 1257
280 441
687 781
286 1065
1426 1758
110 11
1436 1398
1740 1403
478 161
1291 996
1633 987
787 1559
1473 235
16 1936
476 999
865 5
108 1088
1897 1456
783 413
4 336
853 1304
1808 348
465 633
1032 1177
684 814
1879 1373
1889 1422
914 749
480 207
1984 995
874 1229
1195 552
718 1400
874 222
1655 497
1774 1552
924 780
53 318
1294 631
1741 420
1670 1686
1823 1419
1634 1963
297 1001
253 1694
1965 73
236 1925
778 1274
1765 1298
426 183
1606 339
620 1502
582 773
1362 230
1185 1828
1816 1412
292 1514
1847 1164
684 1294
1753 1491
1318 1780
649 1836
599 1903
936 1001
1217 98
1280 1640
1663 178
899 1247
191 37
658 1916
951 371
1521 999
873 1679
993 1212
1725 399
1562 911
1936 1791
594 1992
702 1848
248 1047
190 114
1519 1629
1110 1414
1812 1389
286 1533
552 1212
1329 630
979 163
949 1352
284 579
1095 961
576 1308
1269 87
1900 374
1930 369
295 760
196 290
377 780
496 1531
662 232
587 1292
1257 1241
75 763
9 1436
1398 1632
1351 1571
686 1128
1621 1275
1644 467
731 190
1318 1341
1352 1559
304 60
772 72
974 1494
1364 487
1642 1212
1897 916
1681 1671
1923 1631
1218 1396
3 11
1218 1099
143 1306
705 615
723 49
709 2
299 582
488 403
687 170
1447 512
996 1920
865 829
163 1619
1285 1499
1867 1195
1558 1394
520 1189
179 883
1208 1568
1825 786
1185 1522
520 1490
724 332
1158 1535
1540 1760
991 840
1324 1685
1879 1233
5 423
1094 1962
1098 1668
423 235
1854 763
206 1933
1770 123
694 967
1140 1925
1691 1218
1926 1798
322 400
1797 1952
172 1684
809 522
648 986
787 593
1120 1489
1016 1629
1340 1152
739 566
781 790
612 1826
1470 1431
1000 1205
1506 993
386 1208
1712 668
635 1459
949 515
108 1496
234 160
800 604
1906 947
800 1795
1992 1432
758 1486
620 1281
1042 1575
1494 1516
1667 625
955 962
1818 1760
1331 1985
1569 1314
253 1266
1238 1917
198 1649
1061 25
1604 1975
77 1739
727 1207
844 1845
1935 1474
509 226
784 1476
1062 1609
285 1811
452 1042
1945 1312
212 44
776 252
1506 1267
514 1279
1454 476
209 775
853 846
608 750
1179 1315
723 1385
677 1613
902 371
1391 669
1890 172
1486 1372
288 984
135 1073
1852 1211
624 394
988 1087
1267 1362
1871 279
1909 1039
1574 1155
840 811
1589 1516
1730 745
1461 110
839 1314
887 1606
566 1611
995 1303
1681 874
466 1662
1711 979
619 1425
527 1930
1111 804
1151 744
130 444
1533 1910
1043 559
815 997
69 1947
1707 1042
1769 1052
1140 1051
1235 852
721 62
566 702
1691 627
453 1935
945 1656
1168 1031
693 1107
1490 1897
961 529
1984 893
683 1680
649 578
1768 686
1491 583
1385 678
44 431
386 554
119 1682
583 1635
1078 1366
1711 1888
922 919
1816 1444
1678 1485
1819 1346
1431 890
1634 1397
1061 357
1409 848
177 715
1155 916
1146 1920
281 325
30 1262
490 1658
1353 1579
315 343
418 1710
1359 403
88 1744
314 949
1874 266
1299 339
625 1347
1925 43
1206 427
572 1284
927 1201
1391 1724
1002 1891
1885 1044
1910 764
1052 865
670 1958
646 1053
761 1119
371 1268
378 917
934 220
820 584
531 1902
857 1161
1311 927
246 1721
629 972
1737 782
1667 1009
154 617
512 341
1017 857
1042 1817
363 84
159 1696
324 737
390 649
304 1494
1121 1064
785 1929
1762 893
1512 864
1166 1467
1054 1120
1514 1127
1348 1007
1341 1139
1674 1459
1577 87
1126 274
793 938
1177 21
1759 187
1114 694
1187 1662
411 642
168 1932
476 1123
1058 1694
1956 907
383 608
89 1191
467 241
1898 1334
1163 1247
6 1376
1696 613
79 526
1494 337
833 103
9 1397
1201 1490
728 1965
781 1279
365 561
952 1474
1212 1951
127 314
435 802
1770 1978
1522 751
891 898
785 1227
1044 1590
734 951
1824 1431
360 1475
385 313
1057 843
515 504
458 139
1196 246
41 191
1601 102
1760 61
1218 1314
1699 1804
526 166
47 618
1143 1506
125 815
1946 1721
874 1978
625 334
1604 1003
1576 1137
593 1982
222 1937
632 995
565 1418
145 436
185 305
1466 342
1050 1351
851 131
792 876
1487 565
633 1508
1004 580
258 1366
772 1805
801 1874
652 697
1165 120
1447 324
926 435
353 620
1103 431
1772 503
695 325
1454 697
1768 1471
158 487
1361 1729
1660 1509
1821 1264
297 591
216 1383
1137 1603
1859 29
353 1913
171 1349
1374 1465
208 1742
1620 1385
542 1099
1805 1352
418 552
1266 777
1273 149
783 1674
1600 1588
1175 350
1722 758
1838 1997
524 1169
1017 340
301 1351
443 32
1823 651
722 218
152 1764
929 1794
519 926
1463 1405
55 395
369 1905
479 316
256 539
124 1502
1514 184
589 1352
797 160
32 1545
380 1082
3 365
1061 65
433 688
978 1434
238 467
354 235
1183 209
120 399
901 1901
334 1144
402 1216
829 840
625 1486
608 7
602 1334
441 196
1949 164
1869 788
1622 477
826 466
553 93
333 456
57 1978
1901 1093
1322 1067
152 931
203 436
989 43
224 84
709 1315
68 1717
1710 1936
1129 128
461 766
33 16
319 269
56 212
1482 1662
1494 1024
1851 530
1804 1492
1636 1963
390 1294
1726 1412
935 791
1773 809
708 182
1476 1182
793 1550
1651 477
1801 1541
776 192
1812 181
959 1151
1388 1204
1144 980
852 279
798 590
1139 1446
1605 1266
1403 356
1250 1326
848 1382
1603 1234
1092 1733
522 1118
65 101
1019 753
833 187
1774 218
1290 1400
14 1005
797 498
1608 324
1020 1953
1982 1995
1397 324
977 1427
77 1302
1669 921
308 1206
1796 1115
949 550
1259 19
1778 712
60 846
1701 338
1489 1487
1352 1803
343 22
960 1939
296 1721
1842 1481
342 1561
840 1639
1067 451
1157 1555
257 165
801 1485
860 781
1220 1520
552 1029
67 1664
758 616
257 1754
880 132
1476 1568
1807 824
253 723
416 921
687 1642
1431 1750
1063 1619
259 459
1907 333
1035 1855
1272 376
204 1918
1555 540
20 720
1235 1233
1454 816
1077 1222
328 502
566 1425
907 1672
1114 942
1905 1483
941 1368
288 804
1277 648
296 800
978 1565
1911 984
871 825
1249 38
363 1777
1810 1865
1936 588
590 1009
518 1899
504 1408
1254 1543
1778 68
1941 553
1583 1469
1320 820
1063 62
488 847
1877 1602
391 1915
370 875
458 798
1940 1346
1324 614
1569 572
1058 1354
1126 196
1119 1574
1554 1355
1888 1410
352 492
600 1337
868 1065
1643 872
246 1565
1522 686
1829 689
1880 325
1519 1323
890 830
1710 1028
1654 1661
1267 1424
702 1131
135 678
1125 998
1274 662
1693 1411
1514 1911
946 1624
789 409
352 1216
794 1714
1929 1534
1358 1221
1074 1906
1754 1795
631 909
1907 761
653 1463
1985 553
777 737
1965 1807
1718 861
1790 1712
1859 1018
714 1826
492 240
840 1083
641 1744
126 319
18 233
1278 1938
644 409
1084 1222
268 1012
1331 689
67 1301
526 1086
529 787
189 1943
44 928
207 281
484 359
214 198
1897 970
166 1309
1171 1809
1332 1007
973 828
193 1525
281 1270
880 1098
1454 745
346 1616
168 1971
571 1544
501 546
1852 736
1019 625
645 1589
1745 1799
1828 668
687 1607
5 723
1197 1041
915 1381
1324 1976
1663 556
1801 1279
1115 1294
1683 1871
1113 451
1683 1253
1780 1543
876 765
1158 538
1962 1805
1463 925
1986 1069
1427 1616
1668 175
1034 1908
26 987
242 1300
1505 864
127 1863
364 1139
1989 1774
1846 570
1392 290
1313 705
949 827
1535 518
430 1850
867 1121
1146 392
1580 1745
1844 1883
1340 1063
1377 1384
357 925
1943 50
1328 42
376 1847
366 246
1867 1931
140 103
1040 774
1692 1066
276 1238
697 1941
543 1463
1534 520
420 63
1073 604
1942 1552
424 247
1607 1646
547 1030
379 256
1455 1530
391 130
388 1810
1636 539
6 596
1371 1972
628 1286
1740 880
148 165
359 1697
698 156
96 301
1753 1277
1771 1647
1528 1027
1464 887
1882 1619
1386 646
1608 60
1565 1642
1523 1468
319 836
997 578
912 1565
1311 1020
951 992
212 498
415 260
610 1805
965 1940
1844 458
60 1519
1362 1219
862 1421
1356 571
394 1646
813 427
730 494
1626 1940
357 1223
1208 1265
93 1003
1842 454
974 1418
1846 1771
603 1309
771 797
1853 766
1316 1360
1260 717
1298 959
40 304
687 75
711 1094
378 1226
390 727
938 1029
156 1997
1993 1704
1658 1719
956 1556
759 1499
56 1889
1593 211
238 563
167 1125
871 89
1408 530
1179 401
1736 1803
1044 704
1220 1476
1268 1417
264 95
1919 219
829 1959
1685 1670
269 294
626 1519
160 1768
1088 598
1318 1970
275 366
450 1750
1187 823
1004 1570
563 53
1385 1663
1991 878
894 1564
1790 793
319 1919
311 249
1599 385
1583 1458
832 85
1834 614
1611 1355
1646 945
1134 1404
318 112
759 942
164 1251
1276 1485
596 162
713 1462
155 1757
598 1156
1319 1064
1094 1014
847 806
836 1357
366 1332
1816 1211
1239 1463
508 1586
542 8
618 1010
1493 1306
784 31
1327 1884
485 344
1036 1366
1809 956
974 1639
1999 1116
1457 946
961 1628
915 1454
607 1214
1331 850
104 1591
859 1561
1437 837
1095 1807
1034 1048
1043 618
1061 493
1245 791
895 362
1101 1494
1361 875
393 1714
1617 218
1485 48
781 1992
1554 1444
1882 566
54 524
618 227
981 1729
1839 724
1837 1176
17 458
1455 1859
736 110
1404 1251
1485 644
1477 1003
1748 709
1981 1200
661 65
939 618
1206 993
1870 857
258 934
1695 313
1168 65
529 1794
713 89
537 1222
189 1731
430 1375
1003 129
226 152
555 472
1040 1337
1123 45
1010 1383
1468 1833
825 739
28 1746
1692 1629
522 1121
1240 1795
151 541
928 1848
256 1954
1553 719
74 1807
1281 1186
247 85
840 1929
117 1940
696 1931
1374 843
1610 904
1783 1578
924 668
1283 1816
86 830
435 1372
1713 306
1842 1822
409 898
1846 513
1700 1377
773 1061
317 232
1786 1149
271 1811
1595 1488
1398 1884
1852 1153
475 1464
280 811
1177 232
1187 548
493 1591
1039 1105
593 101
953 1789
1361 1432
1999 1243
1485 1635
175 1381
326 1927
1849 1262
803 1261
1117 1320
760 1087
708 1291
1134 1513
341 739
347 278
1365 1414
1411 512
570 77
1310 767
842 1711
1895 308
1141 310
1479 942
367 1643
899 520
205 746
1527 1725
1748 1765
93 1669
1950 1936
1752 178
204 813
927 1553
1890 741
427 315
1442 333
46 133
513 1422
707 1291
78 650
1995 1748
1578 1898
988 751
808 458
1193 795
1087 1838
763 1986
1053 4
1131 201
387 1815
1928 1000
45 1336
962 1021
884 1015
1790 755
233 1406
1025 1377
1550 598
552 1614
1076 1900
1053 1979
1971 1029
281 123
1918 56
1836 1000
1706 1362
1018 1505
845 105
97 1494
1254 1983
882 1308
681 1371
1918 1336
1973 788
550 1316
626 1136
1517 421
1115 647
223 70
1034 1489
1331 1342
1577 480
1754 1102
838 1334
1184 716
1943 1499
1639 190
113 1065
188 848
272 1931
1739 779
545 1635
1751 290
1177 906
829 1879
252 1599
658 498
834 1054
1127 292
89 1240
65 502
1498 1683
1275 1258
1104 1839
487 1198
126 1883
158 1140
474 1613
1511 1488
1361 1448
447 483
1236 187
559 47
1717 717
1379 1692
872 783
433 817
727 572
985 211
1318 1516
1575 349
1700 221
1324 903
749 1907
787 1992
1057 1262
1873 1631
966 1589
595 74
696 1962
886 375
375 1851
31 1701
1176 176
228 348
1369 1957
249 1774
112 435
1063 17
167 478
101 1
1672 956
159 1863
417 1591
626 1716
1912 1240
1652 1403
1096 873
1028 1734
569 1643
1725 1128
195 1109
1797 1060
147 1580
1597 219
295 302
326 973
1625 523
1190 1284
924 1121
350 474
1460 1692
478 1469
254 1415
1740 1698
1476 1050
1071 1346
125 360
418 1178
1535 1656
1122 852
332 1030
350 1857
914 1907
1621 1631
434 485
1509 1912
1911 325
625 1206
1130 406
1219 1302
1948 1407
54 1585
1904 1956
964 1507
1016 86
420 936
593 834
170 1370
1466 1020
809 32
1232 1933
1710 791
387 324
1649 561
1851 1001
1760 1865
815 481
1327 410
1832 162
349 1971
1097 509
551 1711
1858 1080
313 112
771 1049
736 650
1605 137
586 1043
1722 773
236 340
320 1510
560 346
1449 901
794 143
897 1041
1366 816
1029 1210
1772 1551
1199 774
259 128
140 1856
1915 688
1003 1950
1707 1097
513 1212
1650 1866
1561 1341
463 1679
475 682
534 1274
1254 916
598 57
1809 1895
1670 453
186 687
482 1113
107 658
1587 1954
1673 1546
838 1865
315 385
995 322
1081 719
1041 871
182 1075
1422 92
1690 72
1131 1474
73 599
1298 211
516 889
1609 1423
1808 1757
491 926
1727 693
701 1782
167 721
195 216
1756 203
1331 828
698 497
1023 1726
1650 780
795 217
1527 1479
996 921
165 467
1295 522
183 93
114 1393
1167 1162
1074 894
480 1157
376 502
938 830
1986 1229
1691 471
146 498
865 305
721 1201
707 997
1649 1309
412 1710
1002 522
1535 102
1127 1677
1900 73
1551 710
330 1207
788 973
471 509
754 164
1366 335
337 575
1964 1171
412 1293
1799 1375
1256 1716
1559 1095
1901 1088
1439 1367
1701 1265
229 292
1282 154
1812 990
1090 118
987 658
1460 802
1643 962
981 1285
21 1455
1585 1593
1516 1157
382 465
1385 1978
577 1698
730 1621
1697 562
1277 1040
92 1609
1920 496
1614 603
900 507
1968 1704
1050 300
209 387
798 1000
1242 208
597 1529
171 1853
1194 206
1365 906
474 1958
724 1127
1860 520
937 846
450 937
932 1559
1400 249
1334 1003
522 1250
37 1657
641 618
1818 918
1795 747
1800 1143
1922 1961
1890 1911
18 1607
473 1515
306 1303
153 76
1591 1031
1915 1718
254 1043
1978 865
1914 1731
106 1126
20 1584
413 1632
1531 1363
102 1531
827 1891
1228 900
1636 1616
1065 519
529 1885
973 854
1369 545
1349 1325
1682 542
322 623
1043 839
713 100
321 210
1337 1714
1554 1552
458 997
445 1226
619 420
1653 1288
1900 1512
318 1213
681 1926
1552 1872
1471 614
1385 1300
1358 685
1886 1578
672 1411
1005 1811
1226 1850
742 1918
1735 1007
194 1896
1517 397
1532 726
286 1997
204 1719
363 1507
1459 1790
1238 772
898 1954
1029 364
1690 1458
1645 1888
1684 1893
684 1357
823 1198
837 353
999 1656
17 121
870 1483
1153 920
748 800
1349 1522
247 869
1670 1869
448 1595
501 168
364 139
254 239
1433 911
243 1726
590 781
170 1034
1120 1313
467 1531
1408 1904
1784 479
1533 1420
774 67
1593 615
1594 1219
1374 1171
1458 681
118 97
895 1018
293 1
117 51
1124 127
1390 330
1135 1911
374 934
101 1569
444 1395
1472 1319
1226 579
841 719
206 1870
149 1887
1824 1952
1233 1190
33 166
332 1572
1330 1709
467 1108
1183 124
1297 621
1996 1724
1566 338
1215 54
1978 193
1796 95
1310 1982
125 1856
459 62
451 1728
649 737
796 1672
213 1901
811 1274
1628 1270
871 743
330 718
1362 744
1356 863
1447 1232
1223 1914
234 680
1418 473
197 371
1835 1874
358 1757
1481 17
311 1608
624 475
781 1471
1851 1736
388 681
357 387
598 1568
65 1461
1203 556
1118 1921
600 333
256 692
690 1340
1619 534
1182 449
668 270
1987 630
276 73
737 77
922 57
1273 1884
1690 546
1619 1410
1799 400
404 1446
741 1328
8 1720
900 1182
1688 1811
419 188
356 1294
676 1028
276 772
238 721
625 596
870 1275
1751 563
1421 643
1671 975
876 1950
1973 1142
2000 1841
1177 359
1602 1622
27 1236
153 608
921 1907
443 180
103 1344
1856 408
294 665
1173 997
1242 424
1032 63
1128 735
568 1356
1222 916
424 1542
1425 1975
1996 1247
7 1445
1987 777
1854 581
1702 1644
1523 719
555 1114
1941 948
1616 1942
1288 675
1201 735
1939 1617
1847 978
18 1787
716 1428
1802 964
1725 1948
1168 1075
1753 287
685 1192
140 1896
690 1911
1327 756
921 898
1464 1696
1847 740
479 1413
1405 521
122 1304
185 329
1039 1537
1461 514
362 668
1567 653
393 702
888 1201
110 678
1779 1366
1367 516
588 1331
616 436
1842 740
626 1272
842 1712
1525 1002
1059 1099
73 362
1812 309
363 740
549 1251
185 1368
1959 327
475 1182
276 1453
31 1757
1557 1406
617 1125
1604 1869
1788 344
1404 860
87 618
1110 27
1743 985
986 1741
468 18
1845 761
750 1479
96 1505
1094 924
119 124
1923 1936
1829 1400
1519 39
143 1634
573 34
72 1152
695 1466
170 389
1053 425
1863 1877
1772 471
1143 1735
1235 1115
652 1262
597 1452
1459 1720
495 795
1980 1450
1668 1280
1375 134
680 1106
1231 523
1748 886
1840 1780
1544 192
1971 12
668 1806
87 266
1829 661
81 338
202 1057
1207 1110
52 1669
410 351
1392 1677
692 358
339 1152
1073 1064
794 637
223 152
365 1976
344 1741
124 859
401 855
1598 1989
319 891
441 1677
1316 136
199 528
1959 1097
1402 1116
528 1431
1251 1266
191 378
759 1903
397 507
1540 357
940 1674
799 303
632 440
32 1715
443 1250
1389 59
846 791
116 1432
1855 1372
647 1877
1591 1300
1572 1214
784 1847
1782 623
1178 745
152 1080
539 63
912 1369
515 276
918 955
1303 841
1304 1875
1095 138
1100 201
1559 1331
808 165
1777 359
1990 1794
34 1521
135 670
532 1173
865 1709
1408 1488
833 975
481 1622
485 1519
727 1517
1590 43
64 1922
1013 1300
1031 1536
1281 1701
1454 1900
1957 1857
385 725
72 1798
352 1142
945 1510
521 1818
1108 708
59 1543
1304 159
1730 1521
1207 1340
1785 1485
979 1804
416 1562
1308 1212
1598 1445
1421 1326
1075 1514
527 144
1521 1360
832 1356
1089 684
1182 1007
1090 1092
515 1800
612 1527
1404 229
778 898
460 399
731 1130
55 1213
788 1829
1129 548
1966 1284
516 1669
1223 445
45 711
1675 816
1232 947
1723 1448
965 1298
1771 1681
164 494
1185 659
670 569
290 216
1368 763
1112 630
1967 891
1227 836
812 1833
468 56
221 1775
480 1554
795 1578
1942 173
1722 1612
1706 1827
766 1550
1324 1986
1012 492
148 9
1928 500
836 1285
837 121
1284 1151
1485 832
684 1150
642 1259
1549 710
1508 38
1205 1167
1549 1359
1395 768
780 123
609 820
840 1189
151 147
420 1609
753 749
1501 1581
156 1374
169 418
551 57
895 605
119 986
1358 1490
1001 944
891 224
1262 1612
327 1484
1828 1934
1926 965
1982 1256
643 996
99 1823
457 1464
1508 772
520 1894
1905 1786
706 131
1871 227
536 946
558 1391
1402 390
852 1318
523 1996
1549 130
1401 1833
766 870
1218 361
1453 663
236 121
755 518
1304 570
1682 181
1911 1886
1485 1818
792 1714
674 1255
1317 1993
1955 1521
1422 1415
790 1980
1379 380
1048 272
596 400
1742 549
448 1755
87 1146
999 966
354 1421
702 1783
1125 1796
555 402
565 901
1228 1628
1603 136
1695 45
1242 973
1441 1584
174 226
1691 63
1260 1160
135 635
906 1084
78 616
1539 52
1132 1549
1613 1306
1728 1057
1963 754
1625 643
1521 112
308 831
1137 702
1605 1743
1890 665
1790 14
1641 828
1266 253
68 967
7 1852
1467 1580
1496 1058
832 1751
825 922
136 1141
683 1428
505 1905
1603 1866
1187 678
796 1493
238 1097
1571 1897
480 1857
1943 265
1461 1044
401 1493
1452 42
1763 1292
1781 465
1446 415
1524 1955
649 1281
1864 852
1741 873
1358 1225
638 1783
191 1783
1733 241
805 954
502 902
1209 455
84 855
1597 1873
851 423
575 21
394 619
1749 367
1624 1055
1817 469
1368 1911
1630 1058
1085 805
1295 1604
1471 36
1522 509
653 1075
970 1271
1312 937
586 146
1763 65
1873 672
815 1413
280 55
842 1489
978 769
1214 178
667 414
1816 1942
1383 589
942 939
212 286
1816 9
1893 860
116 1513
1643 1444
1494 864
1604 512
408 704
1657 400
1746 1426
725 1200
1802 439
1754 1117
684 923
827 1875
1571 1509
476 495
388 188
1039 1031
1440 1024
1432 1115
1752 1986
1358 1176
956 1632
680 836
53 847
323 784
1424 889
397 930
1676 524
1178 644
631 179
1968 256
246 882
1537 1501
908 1887
357 1001
1787 982
1780 1459
1490 1170
967 331
1722 1955
533 1609
1270 1186
1241 1557
111 995
1420 1306
1034 1354
1756 1895
1 309
1995 1975
427 1588
78 258
1900 1777
173 518
678 1211
1775 1822
222 1159
48 1344
1629 1609
1069 605
759 539
1253 437
493 1441
1302 844
1961 1396
1196 977
391 1394
1075 839
447 1882
820 163
200 1023
1863 1244
1325 1287
1568 147
866 1413
1546 142
647 1416
628 892
662 962
1668 1601
199 253
1068 1713
1752 1509
1635 1524
879 741
985 1817
924 1654
119 396
420 994
120 56
1541 112
973 1351
1773 1174
870 39
1972 790
1283 918
24 1834
278 1739
317 1336
1561 462
202 46
1473 1585
169 879
143 415
1949 1078
498 1866
232 1475
218 191
530 1192
1675 25
1311 377
739 1220
153 1489
1773 909
1322 149
1330 1890
543 1455
414 1682
1331 1481
838 53
1540 1558
214 1471
406 966
1793 539
1667 155
846 363
551 1875
1982 909
1200 997
256 1530
1128 665
1174 1225
266 850
144 1945
1176 1995
1353 1646
799 91
1681 636
1721 1034
718 1722
300 625
1893 409
1678 846
397 1147
182 665
1625 954
1257 15
1657 1120
1781 530
702 1947
626 53
196 667
485 376
1687 1275
116 1280
387 619
979 971
1530 1753
481 198
1363 1596
326 1760
789 814
95 1351
1866 82
1470 1214
690 708
1403 1192
1562 356
765 907
178 1501
536 1677
859 1014
130 1888
1926 1905
501 897
1421 1377
1282 1946
854 723
1033 609
1503 223
1951 127
1601 1598
591 787
729 1039
1846 895
621 1111
1703 397
412 94
1864 1057
1866 946
936 1076
501 1508
1282 1902
938 1181
1825 1312
258 630
618 864
1040 752
1382 1584
1538 1805
467 234
1568 1856
991 1028
395 1268
1057 177
1938 1138
1166 474
538 378
231 1550
883 1580
920 1533
375 866
1861 453
740 1475
299 1622
476 1062
171 1607
562 636
1231 1132
944 1211
1614 257
613 278
1679 887
1591 1488
877 766
1199 1149
99 804
1140 1884
738 1164
1394 1135
501 995
992 868
921 1884
1484 382
907 1369
1927 1515
1051 1741
1402 738
511 1796
1175 1976
1175 1583
651 73
1674 1065
1610 1637
1380 360
1277 186
1343 1882
1929 193
1054 1131
582 455
1649 328
1140 903
704 1517
1582 1467
1160 810
615 726
387 352
586 3
1132 1114
508 125
1081 297
988 1869
1868 334
363 628
1106 227
833 1358
1101 846
1304 287
1357 78
771 663
1594 814
59 1742
1736 780
1514 1407
1496 480
746 495
94 548
350 1484
1242 1371
1201 940
1052 63
1720 1305
289 1296
1904 711
195 683
1278 980
1666 663
908 129
145 140
348 135
1132 313
587 1109
251 386
55 503
149 1842
1370 1327
246 1242
1516 1170
616 1274
826 806
1900 1915
297 1929
1965 573
1639 783
919 1844
201 550
1693 1517
1209 1291
419 155
305 739
605 1511
1635 1125
285 954
1536 1638
279 1252
1082 958
566 680
1934 1375
1112 1267
673 1767
1324 1014
619 1718
889 1175
128 1010
1504 1194
1358 130
1903 179
1504 1013
87 581
882 1389
904 485
428 634
1034 1078
83 1801
961 1240
1222 163
1282 521
142 163
1988 447
465 1726
1355 975
884 476
72 1286
173 560
1555 1164
902 972
589 930
167 697
1062 265
612 1111
1826 1935
258 1433
452 79
911 456
1541 1353
1929 264
115 1191
1539 1600
1393 116
481 1614
327 955
652 1933
506 837
1601 285
656 973
1979 699
245 1759
772 257
308 1013
1223 1747
1946 1396
279 1723
1493 1032
1564 1158
313 848
1988 1922
1503 883
777 1046
1941 1119
198 371
266 1972
1801 965
1975 1047
1084 223
1412 54
96 641
988 1917
904 1820
811 74
206 1576
170 822
798 1059
1803 1995
515 1713
1888 94
206 1097
1477 251
523 1089
1455 883
38 717
1533 1770
437 744
663 1098
793 856
1559 576
942 1825
1030 1545
30 1996
548 1806
488 1608
27 1084
1428 471
1742 332
1734 1782
1649 966
171 329
405 1279
883 835
927 1556
892 139
105 1525
52 1047
1937 1939
1855 1301
974 1959
1626 1396
269 1001
381 1015
838 1348
773 1656
822 689
1478 1562
1327 474
911 527
847 1768
350 530
145 599
808 1932
1872 1628
1535 993
431 1881
257 1587
560 1230
1279 516
487 440
85 950
726 1111
1417 148
1561 1350
507 64
76 1565
274 1537
1799 489
669 591
1270 171
1872 241
793 1554
1703 296
618 915
1598 1929
716 1344
727 1373
1601 1571
367 1634
1570 514
1624 1824
65 1398
150 1960
1464 807
1957 1153
24 249
1725 1032
1005 1737
401 1666
170 1958
1954 11
1602 575
288 1568
1156 663
676 59
846 394
110 945
1707 455
1269 1011
326 1795
498 1380
1007 1529
407 248
474 1456
1708 1425
481 5
1902 1936
1264 589
174 416
1141 764
537 58
1730 577
164 421
529 1973
1524 490
1937 590
1753 373
751 424
1583 1263
158 1186
1635 1598
1625 1575
1206 1189
5 964
330 1662
1329 1657
1706 344
1033 1564
681 296
1624 6
1179 520
1641 1380
912 1589
1586 170
1131 674
289 346
1137 1538
73 444
1463 1359
512 1811
7 27
1283 477
290 319
1806 1410
614 1336
1328 988
1105 1239
1140 176
1691 130
1306 306
420 113
392 247
414 674
779 1061
258 1578
1365 761
1129 1915
1257 1997
1279 749
44 1307
67 1915
635 1475
1599 1113
838 485
1080 1261
1774 312
1505 886
1140 393
216 1453
1175 1317
1683 1508
1766 227
831 396
1464 465
888 1943
186 527
1027 879
723 1346
1844 1041
1707 382
415 1149
409 419
504 1826
1384 846
1317 882
1989 638
395 524
231 940
714 869
1269 774
642 437
1660 1510
1224 1650
253 1739
1690 160
754 1045
1422 1067
145 1619
1516 1839
212 1130
1649 1934
358 1608
502 256
166 1644
1672 562
1385 1342
1245 305
816 596
1763 1235
602 1620
809 72
397 666
965 1364
179 1161
1262 163
913 1763
1509 63
535 633
553 820
417 485
867 1826
1671 1783
1498 347
1772 833
1834 1033
1926 1862
1627 1175
1218 705
1159 1643
1232 627
1928 231
1893 1566
661 1452
1345 1936
1228 1844
803 285
655 388
1344 584
425 1915
539 1463
1122 1830
281 1818
1677 1315
1449 937
1983 787
1379 311
450 1478
462 886
1265 1908
999 653
973 1754
1896 1813
1232 1651
391 555
1963 1720
476 114
995 1901
470 694
1468 1195
181 1254
168 470
702 1093
1469 892
683 892
210 520
1151 826
1779 1188
1773 1578
1943 1301
335 1423
1705 569
583 1954
1789 223
1132 901
1107 924
1092 1567
424 1901
950 1139
586 98
239 1279
1549 1720
1997 1284
378 278
815 486
1281 216
896 1876
912 1198
505 1065
1252 1428
199 804
448 109
1262 1950
675 1656
505 823
1955 1965
1575 1116
1022 1675
601 733
969 1629
1336 193
543 1485
336 1248
112 1798
1100 70
702 1489
524 636
1042 552
629 1540
1009 1604
169 230
828 77
1806 843
1394 199
804 78
670 699
194 770
1729 713
662 268
1542 1633
140 243
762 939
1293 1204
605 297
993 1321
337 226
1765 1047
1055 1852
296 1540
282 1116
435 18
1613 1312
1201 433
21 563
1313 566
80 959
351 1061
470 368
129 88
1858 319
603 1195
364 654
289 1046
895 1767
550 1721
1153 691
1190 1638
31 967
79 1837
731 1223
1481 590
1245 153
132 1381
1014 559
725 781
945 1310
825 439
1602 976
1234 1462
1910 509
1308 1487
630 1970
699 205
237 1218
234 117
644 276
536 483
1913 814
641 1995
1787 388
1523 1566
1108 241
207 1659
390 1503
1827 624
1666 529
961 1608
1103 1314
1681 1630
611 1144
1127 1884
87 975
365 1276
139 441
1804 833
494 145
1367 258
1793 1712
593 635
848 925
287 1720
1262 1209
1388 76
960 1789
261 133
1853 57
1701 997
1567 1305
203 1852
1474 1106
865 588
395 1291
532 640
1701 1664
1576 1982
1257 1020
1817 667
369 989
1172 1007
1359 114
1569 1134
141 204
491 863
1864 1062
1283 458
1292 85
1123 887
1986 990
1310 669
409 813
1856 562
1370 1679
1489 1695
812 1121
46 1267
917 1443
316 1434
1406 1285
1817 1503
632 1123
539 528
49 7
556 1706
210 594
620 512
30 1398
672 1825
1199 1587
373 337
1618 363
1757 1898
504 1674
1491 1751
859 1574
1113 204
828 283
1016 1641
1981 1289
833 504
239 400
1224 354
271 822
59 485
1171 385
1274 1621
816 171
53 462
779 1401
983 471
1059 1800
56 1554
1625 770
1086 1867
139 1818
772 1947
1713 572
335 488
982 1947
1030 566
859 869
515 1219
700 1685
1121 1553
1646 1896
1557 1837
977 1768
1092 883
1969 745
1481 174
454 608
1973 1135
1705 832
566 763
476 1510
46 734
222 263
1529 212
1704 1867
276 387
299 1856
948 1202
437 155
888 1661
1756 839
1029 170
366 189
99 1303
1783 135
810 1576
738 1957
480 1363
404 1943
371 820
171 961
1093 1193
1479 979
509 610
115 687
1064 1744
1495 240
1464 383
478 1823
796 1718
167 637
1401 1363
21 1349
1064 1151
249 315
845 97
155 875
1094 881
826 409
630 852
758 590
1221 458
489 454
1380 1403
1523 1668
863 1712
1912 152
836 71
192 622
1085 720
867 1296
354 194
1042 1733
1627 472
1264 752
556 1990
1924 1199
1029 1913
1701 581
154 1495
752 285
944 1051
1369 1703
1968 316
688 1725
1628 987
328 529
1383 627
1028 1419
330 41
388 90
1144 1171
353 158
237 275
880 997
81 503
418 1097
662 1415
1460 1902
1082 1095
1654 1605
1513 1956
1720 1251
1597 1251
549 24
838 670
1471 350
355 75
976 1575
647 1286
1957 981
669 575
1232 874
1759 13
550 1752
1362 1425
1279 1584
504 1230
327 618
1293 1442
1669 340
1484 1333
1940 1391
279 180
1099 1727
691 33
520 925
987 1342
1827 1546
378 776
958 1582
1219 151
1076 1013
1765 355
1217 848
101 542
196 1443
1435 1220
213 1291
1395 231
1256 1814
948 1429
1331 1757
271 12
245 1706
1061 410
159 737
1881 208
73 894
1135 1603
1233 1923
1290 1825
1087 770
41 1149
498 677
1403 1452
1028 509
58 1951
769 456
1551 1192
1955 1278
1502 414
502 477
1768 412
716 619
246 1240
89 1975
213 946
240 1746
393 533
1755 365
1778 1296
1376 609
750 1013
1525 1187
1420 1434
980 1072
311 1199
302 772
1245 1273
1996 1970
261 680
664 592
1477 991
798 490
1627 837
1692 232
542 1759
1005 214
964 342
566 1151
430 1846
1625 930
1036 138
1042 946
1008 1630
743 1812
1581 1620
241 1670
1898 636
200 662
468 1994
813 435
1392 517
1942 1400
1028 1172
1324 1727
769 397
170 563
1311 1025
1192 1881
932 121
632 65
20 301
1619 898
863 1408
1828 664
457 989
574 230
1915 249
1942 1867
517 1155
1144 464
922 17
1307 1812
420 1915
1177 300
59 293
556 1658
371 542
221 1569
279 1961
1256 254
546 127
206 1378
1164 802
1074 1258
1303 501
1661 149
1214 1781
1874 234
1887 1292
1665 1125
1548 1611
444 504
1958 1077
1301 283
1206 1040
1825 115
792 49
1129 1061
611 392
656 1725
255 406
797 1908
1494 267
1202 316
1737 1366
1626 257
1343 848
888 1972
201 1422
604 838
1126 478
221 1007
1381 911
778 953
686 1327
464 1858
540 1969
163 1140
61 220
1409 1797
426 678
852 1806
851 178
77 1279
784 357
797 262
1632 1445
911 631
1745 361
1627 680
1068 328
1581 1765
1748 616
1528 647
1662 1775
1170 796
381 1491
1199 1265
1070 726
1908 1136
1344 735
801 1045
1084 1693
1354 831
1023 258
1464 798
1900 91
1362 1962
755 1253
502 132
666 765
1915 70
702 1316
1546 1680
1190 1672
583 847
930 1077
440 1673
73 1755
996 337
1964 260
551 637
472 799
1501 782
844 409
1772 418
272 596
1479 817
1754 549
2000 886
521 743
1645 586
195 780
234 1140
526 600
582 1520
771 1661
139 1104
1897 619
664 1422
1310 1669
710 239
409 863
987 520
959 156
914 1779
998 1640
1619 1259
132 1874
1505 728
937 1984
1876 1107
971 1788
1388 468
671 1738
1607 548
1323 1876
689 965
1814 1133
657 967
1032 1702
753 960
377 49
620 1593
1545 1944
71 614
1471 1655
1921 1140
1659 10
1347 945
926 656
303 1038
1108 896
1729 1091
544 992
1677 840
1695 1463
1506 289
1273 1607
173 514
90 984
1540 465
262 3
995 1184
328 82
346 661
1730 672
1803 37
1560 748
663 1881
1084 87
527 1496
1861 349
1136 599
137 1204
30 501
99 1026
1937 1620
1216 248
1951 533
1703 454
293 397
1501 1651
715 1767
1032 244
799 2000
1729 992
1023 653
1372 721
1684 1032
101 521
633 160
230 926
1473 1828
1415 1582
1648 1811
1371 563
1659 1507
1904 1875
260 737
643 642
667 1990
302 1397
1139 1137
429 420
1707 147
935 1460
393 1329
902 327
850 1274
429 1678
645 143
1758 1621
541 387
1008 1495
657 209
1631 757
966 1301
185 663
110 1870
166 1608
283 842
1629 474
997 1035
1293 14
1262 1417
925 1512
905 841
493 722
861 1350
1110 670
1791 917
1496 878
278 387
1645 1196
806 1827
1851 1587
336 1754
683 1767
120 1460
1301 1183
1549 877
1355 376
1005 229
864 1269
140 1903
1555 60
965 787
1359 1052
568 469
872 1469
392 1053
201 145
774 718
1287 596
395 1529
1581 1452
1907 458
1585 1292
692 12
1825 1239
295 590
1741 56
1471 1789
433 1012
1943 1236
519 1612
1512 889
1392 289
893 608
995 1014
996 713
1288 1086
1105 357
291 1733
374 203
1055 1865
1359 1157
903 1880
173 884
1053 1837
123 637
1802 842
424 901
1958 785
150 43
1913 1009
1296 441
1064 693
428 1278
1759 195
3 841
735 650
1477 1681
1971 1763
22 1412
1411 1561
1532 934
209 875
1979 510
1661 531
444 962
1103 376
1014 1894
1356 1927
770 1340
1262 2000
950 206
1279 1842
1697 1312
1102 290
299 979
1700 1912
1261 502
552 1534
387 777
1387 343
1553 414
215 903
1286 1025
1923 1305
116 373
1135 714
1638 118
1562 831
222 529
173 1856
541 462
220 1105
1296 595
147 1054
106 776
1570 533
1105 390
418 1910
1983 361
1656 19
684 1309
1772 81
1613 973
1630 172
570 1200
1381 1842
1031 66
1509 691
392 1703
653 1688
1594 1685
1701 1498
632 1834
783 497
682 455
1434 1378
221 1108
1860 539
1031 61
1183 1136
1647 997
586 1401
230 1857
395 127
111 1611
25 1741
979 428
1043 645
173 1355
1286 237
1305 1556
789 1607
278 1342
1156 1542
795 1524
1603 1386
10 210
179 1997
1309 1929
311 1541
106 872
1444 425
265 1070
903 380
394 129
1828 516
372 1693
128 202
1491 472
147 96
250 72
1595 1713
1666 1755
987 303
166 1262
821 1319
268 1362
875 1081
420 1845
718 577
349 228
95 1045
736 488
992 1748
1441 1076
918 613
1303 1610
1368 394
1290 910
342 879
1201 133
327 1972
1350 1050
649 1495
735 1406
1002 261
1588 1551
1200 1119
1568 1375
1536 1024
715 841
749 108
1047 612
782 1665
347 1513
1979 274
597 600
1582 1852
995 390
1818 1194
311 1917
168 1613
1093 82
762 1658
619 501
1361 414
647 612
540 1439
1600 692
647 742
1340 1753
1915 1353
235 1135
1732 1462
1257 1669
837 1448
1565 663
751 1310
1367 1506
288 775
1506 331
299 436
864 1174
192 76
291 1449
1786 654
1744 647
714 1492
982 285
514 520
787 1618
801 794
1835 732
513 83
1636 200
408 163
1688 34
1602 1263
355 1976
948 1214
526 1145
365 413
1736 790
548 1554
145 1372
624 309
527 1740
370 1828
95 1868
1223 69
1902 927
19 1857
1350 63
862 444
833 785
663 941
1230 893
1144 8
66 437
400 984
1353 649
974 1139
894 82
1442 1520
87 1700
432 1988
1803 1101
387 685
172 1739
607 688
1269 319
1554 553
969 375
1549 1351
1598 1414
788 1546
1111 626
473 482
1838 370
1919 87
746 604
60 1360
599 739
1190 1847
1186 1964
234 1727
1812 431
375 858
1973 1834
1054 1642
1672 1600
968 503
872 983
1830 533
1059 1952
1825 233
1445 332
1401 1603
1678 848
756 320
628 1942
179 1604
1772 1356
90 1327
1399 1169
430 366
242 1306
595 241
1099 195
1956 1004
1008 1538
1711 584
1826 1793
112 193
1841 1553
1379 217
1614 393
866 1316
1454 1289
1534 374
582 610
1003 1227
1048 970
676 592
1206 860
1721 777
15 1518
1217 1646
539 74
1847 1267
1853 1637
275 1010
362 1562
656 1633
1471 1083
171 1013
1217 414
1029 1266
1263 1522
463 1895
2 1108
1557 181
372 1755
287 530
69 1440
484 1384
472 547
616 1200
1231 163
1790 1683
884 1316
809 1629
455 960
167 1240
382 1044
989 1380
1557 180
1731 420
1478 1327
1220 1119
1891 1587
836 1265
246 1778
1283 1231
822 76
677 1847
1116 1554
1663 104
420 693
853 1571
476 1452
167 875
1654 162
1419 68
1540 1866
1476 1301
536 1077
1211 944
643 1931
1953 607
283 1565
1299 398
1665 216
360 1888
661 1058
84 168
1528 1752
1520 1967
653 407
1636 1039
1956 173
724 1156
1423 1092
1046 820
1357 777
339 733
441 816
1849 580
489 1350
832 914
924 961
1455 1231
1285 1372
1305 1233
1081 1599
732 1652
599 1424
1468 13
924 234
903 224
1908 110
1758 1775
1620 1160
300 1320
295 1225
357 1061
766 324
276 1533
269 413
1574 1230
1331 1394
981 642
1536 1526
1000 127
670 231
1443 1961
1691 1445
265 735
1870 1337
1893 769
783 1522
813 808
444 1304
1545 676
441 586
328 1659
1586 712
860 439
830 256
1010 1886
220 185
1900 470
1547 1861
1812 721
155 1715
783 425
1253 1132
828 148
295 1047
943 914
661 1879
1875 870
1177 98
1885 1112
1356 583
1726 749
1769 635
313 1675
1645 1330
183 366
1429 371
1477 1282
1446 470
1503 1911
180 652
63 1505
1133 1387
309 1648
1447 556
1473 1180
297 1760
1019 1745
1873 1135
866 1788
150 719
1292 1115
818 902
1962 371
1234 1887
1443 542
587 1099
1507 1984
598 1547
171 1859
1438 367
1524 154
997 877
1193 1952
386 1613
548 467
1206 134
607 1695
1084 1374
1676 401
727 1337
1270 931
1794 1426
58 317
1663 1516
1864 768
552 452
1202 1548
1260 434
1879 1234
987 1909
1285 223
1272 6
89 927
1870 1683
628 324
1224 929
796 264
1616 1619
1550 663
219 100
1176 1377
797 1458
862 975
218 1303
1448 56
1689 263
1144 453
284 1980
1097 461
221 1591
1086 1017
703 77
1590 670
785 1111
634 521
1482 634
1061 1101
1533 487
176 106
1770 377
442 468
261 757
114 643
326 1916
1480 1700
1384 710
537 337
1749 285
1838 800
467 1092
464 1486
23 1870
1206 78
1268 468
240 1906
626 1109
988 1829
1535 1025
1395 592
1701 578
578 1631
647 604
820 1788
731 1295
1507 394
247 968
980 323
1017 974
1715 320
1131 322
1589 331
1935 802
1204 1759
28 809
1104 464
432 79
1646 765
402 1820
167 1108
1167 112
1999 497
264 551
54 1682
499 533
114 186
1458 535
1049 290
1420 1715
377 211
1088 1591
1521 1507
191 1036
1250 1051
1684 625
751 1708
1749 1679
610 607
1008 1467
1567 1894
156 263
1552 1680
1402 655
630 1022
791 1323
107 554
583 1493
1591 160
1348 199
1624 693
3 1431
1179 1314
615 1935
92 1220
1368 1906
734 305
746 1084
776 105
764 846
1996 235
157 963
1176 148
1242 1425
85 1185
766 1136
285 1120
1044 516
1084 740
22 1514
793 1765
913 233
585 642
562 267
672 1140
1019 996
330 1362
1735 1043
220 931
774 241
234 1229
1972 1908
195 684
208 1729
1579 1320
1707 1085
88 1964
31 1502
787 935
1866 1867
1338 1994
674 1258
361 457
1783 1167
1992 1014
446 283
925 1860
514 271
170 1869
1402 662
1417 476
610 1456
1128 595
951 1728
1671 278
1364 1653
592 249
1462 1198
668 363
1883 838
1772 353
1578 1742
185 1547
725 628
1192 1915
744 1149
57 12
1751 1865
811 685
728 423
1134 290
1624 855
1006 311
825 61
1302 601
235 1151
962 1673
1274 271
1643 223
1033 1465
367 1814
232 744
1082 730
1255 254
430 1939
506 324
208 70
372 1085
909 450
894 1571
1453 1556
944 1277
693 986
1467 1435
66 1527
106 157
1261 348
1783 1986
310 941
656 1162
1041 898
394 1690
914 1009
1434 990
1274 1635
1912 1001
495 179
846 1552
1317 79
735 1085
1376 996
653 1773
1436 1361
686 77
1436 942
1822 1707
1532 997
1362 108
1684 1216
1452 863
1010 192
427 573
1929 1033
1645 1853
109 1273
1137 580
1560 1358
1956 550
1858 869
163 636
1258 810
712 1021
1306 640
1927 256
771 129
1820 1598
883 1555
176 184
712 1531
1651 802
1752 1164
1081 1905
1375 1355
596 1221
708 1404
365 1116
345 1187
1046 590
130 1145
1394 172
1891 83
1627 1952
1473 317
507 137
1161 1200
1074 1406
1881 1403
573 596
1215 948
1542 434
368 1428
1713 941
1160 1171
538 352
905 741
1423 690
1827 97
1023 150
314 1630
1184 1562
1635 696
1615 1460
1878 1532
313 259
734 1645
1034 1399
875 789
202 743
1209 1802
435 472
485 1788
1914 674
729 1838
1990 574
1108 488
589 637
1117 280
1212 1074
1068 815
189 1406
541 1289
1931 1877
1467 341
374 583
250 1242
1302 1274
954 1488
1318 1126
554 1066
1007 1427
1598 867
1493 637
791 452
487 647
1576 238
480 685
669 1587
689 1780
213 1344
1356 1347
1126 1173
1525 1547
324 1517
534 882
13 1531
1141 1290
1793 1036
1778 1238
1453 750
1781 1644
372 1229
1961 937
1975 1477
1432 1069
1451 1571
472 1848
1973 869
337 1523
1146 1076
976 1914
37 1875
876 1466
83 384
178 1986
237 1456
1 1874
88 766
876 1522
911 1741
411 1157
1803 1878
1904 1306
243 767
1252 1774
1264 235
1710 1923
284 1552
625 54
588 1947
487 1129
1694 265
314 461
1549 650
1779 1482
1074 1320
719 1238
242 1736
969 716
899 513
672 648
1819 1798
316 1808
46 230
876 1439
215 1565
1695 62
160 1291
678 492
1899 1816
1371 50
541 1294
183 384
578 182
68 1103
1 1241
1428 1969
986 961
1988 1264
1337 870
1946 1031
235 701
1707 111
1677 931
759 1853
117 1214
1807 243
617 295
252 1959
615 1325
273 1415
1454 1001
573 1684
1402 1397
1486 397
863 883
416 1737
737 1060
847 1273
1707 82
519 546
1188 1584
344 1463
798 129
1869 718
762 498
1093 82
336 1003
931 985
539 1675
1249 1142
685 877
1832 758
1829 490
1598 71
810 515
1424 74
1745 419
1230 986
693 1598
500 1122
1789 1960
1988 1658
450 1425
247 300
641 1964
384 1971
1693 1197
436 1240
642 791
260 528
24 1109
806 655
704 669
819 1612
99 174
1834 929
1130 1222
1363 827
833 1314
1420 1410
103 1413
954 845
477 723
557 18
674 768
476 1509
1887 398
1461 1056
3 1181
1092 1125
1931 1426
285 1532
961 1288
266 1324
395 621
1669 60
1324 957
1361 1575
1656 1761
1767 1093
1472 1581
630 1466
1221 1297
1387 1937
1120 19
1611 294
327 1057
1302 870
1637 1459
1598 1775
1800 46
676 1457
1010 532
793 947
287 387
584 588
1482 860
993 90
1400 61
1152 1371
536 499
1832 1028
1385 576
984 352
305 432
197 424
1343 331
888 1751
695 1419
1629 158
168 1192
1652 569
1361 190
773 1137
400 1751
1399 499
1694 510
1653 192
1932 1181
1199 738
379 371
1571 1060
853 1226
1320 372
266 809
884 379
1844 878
1301 446
732 1480
304 81
1742 1881
1327 1566
369 605
152 1048
503 1350
70 498
576 971
765 479
563 1369
1910 1305
855 1419
1885 270
1300 1
1166 91
1483 165
1219 1937
514 1859
1181 223
1638 451
1422 648
274 471
421 653
419 1647
467 1213
808 1758
898 79
1196 313
592 1211
963 1284
1449 276
1403 1884
1904 1915
96 1989
1677 1112
1285 194
1250 103
600 1058
2 1170
10 1133
32 1146
1921 1698
1452 49
754 483
652 115
1613 256
1196 1567
945 131
1434 527
621 57
704 1417
557 471
488 102
189 716
998 1066
1356 1576
1001 1221
755 296
1141 1714
265 1034
1551 1478
1668 582
840 554
1778 1764
369 1703
1241 1937
1248 1798
284 1616
1509 1775
1848 355
1283 1104
729 1662
1374 1580
1071 149
1399 423
158 1537
1131 1818
1791 685
1634 959
1045 1939
1471 74
1287 484
1875 725
742 925
413 1214
635 343
88 1011
1527 1222
1390 1355
32 1070
417 73
752 440
132 1027
1466 1032
1934 1160
1305 1275
1200 1700
728 1099
1500 310
166 131
186 1361
486 204
1347 841
1059 1820
1222 518
16 516
518 1419
1257 1155
545 367
1234 743
1803 1459
1370 1648
911 1766
563 1509
1007 1627
1926 1292
1479 462
1512 1128
87 46
18 134
366 613
1554 250
868 1056
1632 1595
1596 1972
1756 105
1217 903
40 1617
799 1950
318 1899
1083 346
150 498
735 266
180 1840
797 1753
1504 786
126 246
921 1012
1425 1255
259 911
223 600
1137 1654
1073 1374
568 437
1829 6
249 1919
1131 1766
1689 1961
1261 115
1769 1291
998 260
1546 1744
1242 1290
1131 194
903 529
1806 1050
1458 1917
1147 1487
1059 1846
373 1349
1956 1442
158 393
1321 1465
1007 1304
163 952
1039 87
1364 838
998 577
1359 1897
1056 1742
1885 1721
311 391
128 1457
77 1624
445 43
664 418
1897 1918
83 281
626 470
1474 837
1533 1035
267 239
1055 620
1640 871
836 1537
34 1357
1436 417
973 200
282 1788
1499 752
595 1923
1136 1759
1268 465
224 436
368 22
217 848
986 1229
1898 596
399 1692
855 663
35 1734
1430 1447
1869 609
1354 1995
529 1446
1424 1235
1097 680
636 1420
1328 240
986 518
643 882
828 694
831 942
1252 1038
1345 653
1388 326
257 1844
1257 331
1652 217
541 1305
369 909
85 215
1430 840
1515 1910
817 392
178 1485
1417 1892
1618 1576
1448 1987
154 206
362 622
952 1775
455 59
154 297
1765 1617
1949 490
1540 50
262 1291
1257 1196
1390 1395
1962 1521
500 63
614 1299
986 1432
1651 1984
970 1498
666 986
668 1184
1151 1050
429 745
1617 1161
205 503
1266 61
1068 215
1997 1512
292 149
1908 851
1881 1540
1248 1981
1773 1612
1887 47
138 1784
299 1291
590 107
952 120
1120 1079
1994 333
345 797
743 1641
1347 1443
1150 1455
713 802
764 271
1795 63
1600 1683
796 1182
1056 1773
1162 629
253 1891
107 806
1033 287
1688 1888
1343 292
618 884
1160 910
954 1872
744 229
1156 938
1721 1801
320 724
411 1716
1727 1303
1614 1411
1529 1188
797 1761
1781 1895
931 358
178 298
359 1569
1589 482
241 259
1735 388
453 1603
218 446
355 1695
762 799
1896 111
1872 1431
1175 444
694 1219
913 1276
886 1716
1814 815
1620 1178
1444 1685
434 1860
871 997
1638 1281
50 1554
1476 386
950 581
1079 911
1414 1774
275 329
568 647
355 815
450 1267
751 1140
1758 270
184 1210
268 907
327 940
1353 1231
1477 1175
574 517
1068 488
1021 174
279 1385
68 1992
1876 456
229 1103
1122 1304
244 779
1041 1700
1003 15
1734 1912
348 1622
1146 1109
517 263
1827 1015
1794 1821
1093 1981
1784 1920
1515 1989
1712 1417
675 1358
230 1910
885 1572
1374 1523
1317 856
36 733
446 1389
724 991
61 1285
1607 1129
70 239
639 968
544 1145
1824 1047
1551 1670
435 145
194 1565
1180 356
522 1074
115 1630
1766 1917
853 416
1460 1942
610 1563
1630 811
690 1534
1824 1556
300 604
1396 425
1308 1541
1056 899
461 168
861 154
285 291
1747 1485
1785 301
1776 330
1269 1857
846 674
944 598
1583 68
1391 1962
942 1419
1654 1111
48 329
983 839
1852 257
1257 1814
1818 1868
1400 1555
472 1449
1375 881
657 1784
1266 973
434 926
1047 799
1849 398
958 213
1110 61
168 1045
1796 1351
1129 573
1573 525
97 1855
546 1145
193 1827
1087 1429
89 127
1866 672
1456 1232
1120 1390
758 73
1750 507
1235 1777
1450 167
1349 1152
1147 1936
787 110
1839 1655
250 1930
1496 1727
880 502
1259 965
1454 282
135 1391
525 1851
1981 1051
257 1696
662 1244
242 1289
587 1493
1215 434
1281 1104
969 1549
1316 92
1187 1512
280 1854
1635 1820
385 90
1070 1266
1333 70
573 258
754 1918
110 254
461 956
453 1655
1335 733
1297 509
485 1387
56 1147
1258 848
200 1043
1821 156
889 1495
88 503
353 276
517 610
1660 993
745 1104
238 473
380 940
328 865
1082 1648
511 1894
1551 1901
1296 247
463 1805
1992 1212
258 315
1119 650
1029 1242
1526 1248
1636 1069
301 437
406 1681
1090 6
1598 1044
1256 1914
1978 219
1127 1443
1424 631
1102 126
1176 712
653 706
1530 241
818 425
1872 1481
274 1627
997 353
1561 1083
157 653
1388 248
969 871
1760 1767
410 1595
1812 1656
1064 1708
66 788
1381 644
698 19
1802 695
1577 1649
1185 375
1484 1055
648 1963
934 1165
1863 495
1559 593
263 1247
1211 636
1359 1776
175 1382
1888 1101
775 242
189 196
1250 1596
1623 1601
1327 1110
990 1358
1253 359
1553 1348
928 140
1954 937
1263 1567
1105 1385
539 1598
606 662
600 476
972 1308
907 1501
500 126
1873 511
971 265
1257 1278
1083 1871
1243 1938
749 246
480 922
792 1220
370 1807
820 180
1039 1527
1823 1467
1481 1917
475 1970
382 892
1361 187
1635 929
1183 1085
4 636
1256 1115
809 1081
1418 1334
1488 1052
1380 1847
1331 1739
747 471
1946 389
1863 1447
413 1645
1029 698
1104 69
1077 620
1053 463
252 976
1492 995
483 110
837 544
1727 204
1687 1732
1630 1610
1686 1368
218 807
1037 485
1129 726
1731 1720
1414 867
917 731
943 625
1805 1672
407 581
894 1046
1544 801
697 208
638 1815
165 808
54 619
439 96
1317 1967
1645 1624
860 341
1603 1138
517 1536
819 1144
315 1352
427 403
654 1600
1157 235
1103 821
1131 1874
1514 1700
1353 1730
1538 1977
1509 1241
679 73
120 1531
650 1441
983 358
242 1060
559 1378
1801 793
951 1874
1941 237
1314 450
1637 662
637 1676
1652 1137
164 310
535 645
669 1219
55 153
1323 1807
160 794
1886 1423
1350 148
1504 1433
726 1444
400 198
1455 1199
1031 1493
744 246
1762 1104
603 837
147 1517
874 683
1107 81
982 579
550 211
1021 483
54 586
539 1879
1612 1875
1533 81
1981 902
813 739
763 652
855 247
983 1323
977 298
1891 845
962 142
368 512
1811 198
497 623
253 753
1877 207
1417 220
1878 257
1219 201
1438 61
1458 272
1 1794
783 102
1499 1857
952 1369
127 1264
651 757
1455 1607
1707 543
1547 1607
1375 824
12 609
848 462
1156 1889
341 1150
1742 465
202 1026
283 1729
1261 1885
1999 1174
1683 1492
250 1795
157 589
1748 1171
516 84
1438 1008
1630 199
1255 458
1734 299
863 218
758 28
523 655
563 1658
733 1165
937 516
1888 252
455 191
1205 520
1448 548
568 1352
1299 184
1014 526
1768 495
533 1344
68 70
880 295
1253 1453
1285 618
12 1348
1314 904
293 1564
1961 1328
1414 1452
1406 635
930 1943
757 1656
1226 1892
28 1137
290 1088
1832 1050
1051 856
1955 129
1320 60
1992 205
627 290
1818 898
1945 1641
1800 105
810 956
1510 1079
1056 1197
1674 90
245 1169
1715 230
988 821
977 304
260 174
231 1530
1178 1536
1616 1518
604 1240
1163 1888
472 145
1795 434
167 1712
805 173
1457 244
1378 1450
837 108
1234 648
1397 1401
1384 1980
231 1591
963 182
1018 1445
1972 1993
550 1734
372 163
43 344
1969 1752
539 1277
1303 1469
1234 1809
1398 1627
1699 952
1455 1608
514 404
1827 53
1380 1400
384 1531
1327 929
1279 934
1549 1146
1294 1277
240 456
1875 1075
1774 342
1577 1297
296 1121
1238 335
1677 117
1874 1592
1669 844
864 892
550 30
1432 923
1652 922
681 1552
1547 1042
1033 1153
1197 1276
946 136
585 1765
31 1929
1212 1955
1397 1176
1384 1052
1126 1719
48 1532
62 1978
1639 868
125 809
858 1214
1651 310
1965 1689
1971 22
597 1630
1983 1683
1056 1365
1671 1564
973 548
1882 428
99 1038
443 1342
416 1272
307 1140
313 582
1905 1428
572 1870
24 1852
1816 1843
719 202
1235 998
214 708
1638 894
470 1270
1549 517
1401 881
86 617
628 1764
671 612
276 887
434 1256
1864 1690
1774 1300
928 328
53 1163
556 162
1121 101
1661 1154
93 1135
798 224
1561 1883
241 1453
365 1416
1084 1739
1025 1002
551 140
1427 806
889 964
1948 1615
1033 1331
674 1904
702 848
711 821
273 888
1310 370
1453 1885
626 1449
1830 1393
1825 1378
1217 703
48 1957
676 1083
1195 569
539 899
75 147
1325 490
1511 279
1668 1115
476 361
807 1642
1623 1904
942 672
1161 927
878 1714
867 134
787 1292
781 1841
1995 1903
732 1463
1512 690
455 673
1882 1836
1926 533
1982 764
1976 1471
1689 1915
973 46
307 1195
1999 1848
91 655
1415 1295
151 930
1761 857
635 345
65 591
1403 1530
1799 1359
1850 651
359 461
1306 1770
1288 208
1539 219
843 220
1173 911
212 1169
1480 1345
1201 1990
1541 469
1844 1176
1710 1612
175 929
38 1388
1542 1277
180 1004
1780 1335
899 1115
374 1440
1512 1437
1791 184
1663 821
1969 592
214 1386
1036 1695
994 341
1537 402
1294 925
1394 1791
61 1527
1300 764
1036 1325
1669 1104
1829 1151
1689 687
1462 242
1847 171
1882 223
152 1706
1779 997
837 929
1757 1058
1260 832
1040 495
753 24
1489 1065
406 747
218 204
408 1595
1398 1750
1192 1953
313 106
260 694
1016 108
1764 870
1393 258
456 672
15 1593
1334 1010
71 1627
65 1292
1751 502
1995 607
1302 1710
916 1710
377 1024
381 1831
139 211
1703 888
341 1246
1906 273
742 1143
1861 981
1631 875
658 55
1232 1092
1434 377
990 1044
1522 1857
739 1731
1946 1945
647 1037
1889 1511
1886 1317
21 1403
1126 1488
30 99
1333 129
1106 24
1896 784
1891 820
1212 1354
335 1249
1369 1260
1194 435
382 1984
1181 468
12 614
365 6
1964 779
1685 119
1094 842
1973 889
879 1151
852 261
19 522
334 1459
758 188
853 1746
1722 1562
1657 94
52 844
1007 198
1335 1784
309 911
149 870
270 1035
1818 769
1542 1424
1613 1853
1197 1001
444 267
75 421
1573 1736
136 420
309 1947
96 1288
1570 1325
852 288
1031 30
1655 1734
179 1256
237 1089
1530 1009
1841 1306
1756 1743
1863 689
664 847
1255 422
1076 842
313 423
1657 1598
857 1124
27 435
1759 1280
302 1475
1904 954
1963 1932
102 322
71 1025
1851 629
653 518
746 1552
236 1417
895 960
58 1186
878 374
996 865
996 481
1562 1320
1408 1174
1546 620
127 1005
1602 582
162 916
295 929
767 455
1126 1701
1657 94
1723 1125
64 544
302 321
1781 479
671 1130
851 564
565 1587
1392 919
1318 1251
476 1941
379 194
519 936
1960 692
975 1883
1290 248
46 991
1092 994
1667 488
1837 268
142 1882
1825 899
359 1413
1155 863
59 1179
701 809
1372 728
1269 987
1972 67
1533 341
1726 1291
1542 1807
1662 1100
1862 906
1270 81
769 1037
916 358
649 253
514 1780
71 1204
1820 833
116 865
193 1346
1115 1064
82 1949
457 950
831 1282
707 461
66 1667
1094 800
282 1108
1709 1649
1306 1500
302 1081
1459 213
1541 782
1865 523
941 986
1370 768
704 720
798 1898
1087 1709
310 548
1906 262
852 874
1961 1127
1849 40
1044 771
1431 1080
1179 1019
883 390
427 216
1676 546
895 1242
159 1307
643 79
1814 206
251 1650
87 237
1717 335
967 1139
529 109
32 215
1668 1983
1941 207
1525 1658
959 664
1153 546
553 676
396 1389
787 484
1516 632
1576 1779
548 274
1145 1692
961 897
424 849
1557 659
1901 1129
1316 468
1233 1098
1041 605
1614 1308
1761 1015
938 1665
72 1624
1650 193
1489 188
713 1986
1504 866
1014 799
882 483
665 1752
1470 1066
1571 1139
1338 913
1718 246
205 1562
1201 1823
1564 1794
778 1743
1009 944
1312 806
503 1347
702 1713
1674 494
389 356
498 904
523 1349
1026 308
1117 1538
1336 1039
1994 1091
259 332
149 964
640 1964
922 691
1826 1712
1946 378
270 238
156 295
659 798
633 888
946 142
1540 581
1108 936
455 313
671 933
1913 818
1350 239
81 940
101 1337
1780 1804
1046 903
1996 1366
71 1725
1153 716
768 880
1939 968
18 1183
218 353
955 448
118 629
135 1675
999 371
90 1598
949 408
130 1093
699 1888
524 806
1959 847
937 988
1257 761
1584 941
1740 686
1395 1364
321 1990
904 1557
227 92
810 573
686 1723
281 1715
1961 1489
1269 313
657 1792
398 549
1531 1170
672 276
1270 1190
1678 1539
653 165
1817 115
225 893
230 363
1283 1889
9 1560
1750 879
1365 380
1433 1676
868 1280
1414 1711
172 1257
1833 1970
1282 1802
774 1229
44 1551
900 1189
1223 1656
1725 66
1055 462
1859 1858
1608 236
552 1806
1559 1300
1398 670
1902 456
153 1047
273 890
534 1642
1355 1297
399 759
1098 1274
1791 368
1805 1119
1727 241
249 180
1000 463
371 336
1293 84
1246 1121
1830 845
1666 1942
997 548
1590 606
782 725
369 542
1298 1461
1002 1266
1844 789
285 1813
525 406
516 1842
308 201
247 1337
37 404
1348 739
1634 1005
1973 997
451 533
955 591
505 173
704 1755
417 1224
149 1487
465 498
271 1858
611 921
203 666
1729 100
79 1568
836 1192
1954 1498
426 1598
1349 1701
204 455
1645 317
1316 623
1225 1635
1827 115
739 1615
1131 199
1088 1337
998 812
1578 1886
517 1380
1678 1026
1796 997
165 563
494 1045
90 714
107 225
1969 203
590 1482
1391 1649
378 1294
1904 129
404 122
1309 1578
240 1004
729 1152
1548 145
171 647
1291 1289
105 628
260 435
1207 1735
1451 1768
11 1312
1064 453
1189 1929
245 1029
453 256
1648 136
968 976
14 1711
1589 1905
1455 814
1560 230
1569 497
368 889
1896 1259
977 250
1187 1704
1029 1394
1369 939
610 1591
39 1224
1889 1398
464 1445
1504 191
1947 303
177 847
1500 1770
632 1645
1570 82
792 1192
129 1116
475 1067
531 1600
1167 470
1260 162
810 1128
475 1111
111 1811
998 1017
384 1835
645 1773
1550 1927
1251 2000
1694 1509
683 39
97 61
295 1219
727 893
1930 1497
1394 1892
1020 789
1300 111
1462 1314
68 490
1548 709
1141 869
1209 1239
1077 776
36 542
1873 794
619 1238
1105 1092
438 9
208 599
1548 1802
1699 295
1720 700
341 1485
1207 813
1125 1186
394 63
1327 477
151 865
63 406
669 1563
1730 313
1518 1222
1801 1740
1886 186
1578 282
682 874
748 1457
245 424
55 633
833 1847
1122 709
1046 789
1490 369
1190 116
334 871
1777 1561
93 793
1701 1227
1409 515
846 766
291 23
1880 79
820 1861
428 859
1564 1552
1713 92
1669 1569
1178 793
192 865
833 139
1637 281
1324 880
1296 63
771 561
1302 239
1321 111
887 1274
1674 670
984 1453
389 1263
1468 1913
700 604
404 1468
1723 1558
1479 484
1703 1028
307 1438
1190 465
699 1041
887 1206
627 1978
216 1436
330 358
1826 1836
476 1318
1112 1820
1722 407
1791 1437
1533 427
1721 570
1243 1313
262 286
1095 1892
1279 637
176 528
168 1947
1387 1791
252 1934
1784 424
200 1527
322 1796
448 787
1977 1339
869 586
350 934
516 1847
1028 311
210 1412
1218 1529
633 680
298 1159
1461 1957
1072 1621
1156 106
821 330
963 352
1613 143
1851 1640
274 1955
1690 1066
1708 297
725 649
470 637
990 1009
87 972
779 389
342 1667
1625 1426
1703 53
163 1579
1599 53
1327 507
1031 1422
686 1551
1161 730
98 1017
1020 1761
1665 1522
1106 1808
1529 1606
741 824
88 14
1775 1220
291 1668
299 539
837 1577
1862 854
1615 1955
592 190
1857 520
1520 514
961 1969
167 289
1836 1816
269 334
1613 358
1466 860
1492 482
1510 1006
1352 606
382 1680
1874 647
583 1899
853 745
1080 419
1611 946
401 1798
920 1844
1872 1802
925 1569
1550 253
1315 1402
1585 1670
1077 1832
689 1793
391 471
1782 1
1594 1787
590 899
573 62
1339 1576
43 1720
1978 301
1320 517
424 147
584 337
1467 1365
1336 1741
1837 1618
1550 1069
739 567
775 1021
124 606
1499 120
519 1108
1923 1364
